123456 234561 345612 456123 561234 612345
123456 231645 312564 456123 564312 645231
123456 231645 312564 456231 564123 645312
123456 214365 345612 436521 561243 652134
123456 214365 351624 462513 536241 645132
123456 214563 342615 465231 536124 651342
123456 214365 351642 465123 536214 642531
123456 214365 351624 465132 546213 632541
123456 214365 345612 456123 561234 632541
123456 214365 351624 462531 546213 635142
123456 214365 351642 465123 546231 632514
123456 214365 345612 456231 562143 631524
