1234567
2753614
3467251
4625173
5371426
6142735
7516342

1234567
2316754
3127645
4573126
5641273
6752431
7465312

1234567
2143675
3576241
4321756
5467132
6752314
7615423

1234567
2765341
3421675
4312756
5647213
6573124
7156432

1234567
2351674
3762451
4125736
5476312
6547123
7613245

1234567
2361475
3672154
4125736
5417623
6753241
7546312

1234567
2756134
3671245
4517326
5142673
6423751
7365412

1234567
2315746
3126475
4657231
5473612
6742153
7561324

1234567
2316745
3125476
4657132
5741623
6473251
7562314

1234567
2316745
3127654
4572136
5461273
6745321
7653412

1234567
2715643
3567421
4156732
5673214
6342175
7421356

1234567
2561374
3742156
4176235
5613742
6357421
7425613

1234567
2473615
3561724
4315276
5726431
6147352
7652143

1234567
2715346
3426175
4572631
5361724
6147253
7653412

1234567
2471653
3156274
4365721
5617432
6742315
7523146

1234567
2617435
3165742
4523176
5471623
6742351
7356214

1234567
2567134
3745216
4126375
5473621
6351742
7612453

1234567
2716354
3541672
4152736
5627413
6375241
7463125

1234567
2753641
3576124
4125376
5642713
6317452
7461235

1234567
2657314
3475126
4712635
5346271
6521743
7163452

1234567
2765413
3671245
4357621
5146732
6512374
7423156

1234567
2467153
3651724
4712635
5176342
6345271
7523416

1234567
2516734
3742651
4675123
5367412
6421375
7153246

1234567
2561374
3652741
4723615
5317426
6475132
7146253

1234567
2351476
3467215
4576321
5612743
6723154
7145632

1234567
2745631
3451276
4672315
5316724
6527143
7163452

1234567
2546371
3157426
4612735
5723614
6375142
7461253

1234567
2613754
3546271
4751623
5427316
6372145
7165432

1234567
2165473
3526741
4317652
5471236
6743125
7652314

1234567
2471653
3562174
4653712
5746231
6317425
7125346

1234567
2715346
3426715
4652173
5347621
6173254
7561432

1234567
2541376
3675241
4362715
5713624
6157432
7426153

1234567
2465173
3521746
4752631
5673214
6317425
7146352

1234567
2617345
3526714
4175632
5463271
6751423
7342156

1234567
2745136
3126745
4357612
5612473
6473251
7561324

1234567
2461753
3625471
4573612
5712346
6347125
7156234

1234567
2351746
3645172
4572631
5763214
6127453
7416325

1234567
2763451
3426175
4572316
5617243
6351724
7145632

1234567
2765314
3142756
4523671
5671432
6317245
7456123

1234567
2615734
3751246
4527613
5146372
6372451
7463125

1234567
2316745
3125476
4567123
5471632
6742351
7653214

1234567
2457631
3762145
4615273
5346712
6571324
7123456

1234567
2673145
3726451
4512376
5367214
6451723
7145632

1234567
2541376
3157642
4763251
5426713
6375124
7612435

1234567
2356471
3165742
4673215
5712634
6427153
7541326

1234567
2756413
3562174
4627351
5371246
6413725
7145632

1234567
2671435
3567142
4715326
5342671
6123754
7456213

1234567
2765413
3451726
4572631
5613274
6127345
7346152

1234567
2675134
3752641
4523716
5461273
6147325
7316452

1234567
2517436
3725614
4653271
5162743
6471352
7346125

1234567
2647135
3762451
4153672
5376214
6415723
7521346

1234567
2357146
3142675
4625731
5763214
6471352
7516423

1234567
2675341
3421675
4352716
5763124
6147253
7516432

1234567
2713654
3675142
4526713
5142376
6457231
7361425

1234567
2467153
3652741
4315276
5721634
6173425
7546312

1234567
2763154
3427615
4156732
5671243
6542371
7315426

1234567
2541736
3167245
4375621
5416372
6723154
7652413

1234567
2647135
3175624
4316752
5762341
6451273
7523416

1234567
2571634
3456271
4163752
5627413
6712345
7345126

1234567
2753146
3576214
4621753
5347621
6415372
7162435

1234567
2475631
3152746
4623175
5367412
6741253
7516324

1234567
2416753
3765214
4127635
5642371
6573142
7351426

1234567
2351674
3172456
4516723
5467312
6745231
7623145

1234567
2651734
3425176
4176325
5712643
6347251
7563412

1234567
2641753
3725614
4567321
5176432
6413275
7352146

1234567
2761354
3145726
4512673
5673412
6357241
7426135

1234567
2367451
3125674
4576312
5612743
6741235
7453126

1234567
2351746
3746251
4127635
5672314
6513472
7465123

1234567
2345716
3456271
4617325
5721643
6173452
7562134

1234567
2361754
3157642
4612375
5476231
6745123
7523416

1234567
2451736
3125674
4762315
5673241
6317452
7546123

1234567
2541736
3675241
4762315
5123674
6317452
7456123

1234567
2715346
3451672
4362751
5673214
6547123
7126435

1234567
2653471
3467215
4376152
5712346
6521734
7145623

1234567
2376415
3152746
4567321
5421673
6745132
7613254

1234567
2356714
3745621
4617235
5123476
6471352
7562143

1234567
2367415
3152746
4576321
5421673
6713254
7645132

1234567
2351746
3476125
4567312
5123674
6745231
7612453

1234567
2375641
3167425
4726153
5612734
6541372
7453216

1234567
2365471
3671254
4756132
5417326
6123745
7542613

1234567
2571634
3752416
4613752
5346271
6127345
7465123

1234567
2361754
3675241
4526173
5742316
6157432
7413625

1234567
2517634
3426751
4765213
5173426
6342175
7651342

1234567
2657134
3126475
4375216
5762341
6413752
7541623

1234567
2417635
3175426
4653271
5346712
6721354
7562143

1234567
2317654
3146725
4652173
5723416
6475231
7561342

1234567
2375146
3561724
4752631
5613472
6147253
7426315

1234567
2413675
3742156
4156732
5627413
6571324
7365241

1234567
2346715
3157624
4572136
5461273
6725341
7613452

1234567
2761354
3675142
4523671
5412736
6347215
7156423

1234567
2653471
3162754
4725316
5371642
6547123
7416235

1234567
2567314
3745621
4612753
5176432
6423175
7351246

1234567
2657134
3175642
4362751
5741326
6413275
7526413

1234567
2415736
3152674
4673152
5761423
6527341
7346215

1234567
2613754
3567142
4725613
5376421
6142375
7451236

1234567
2357146
3142675
4625713
5761324
6473251
7516432

1234567
2315674
3746152
4563721
5127346
6471235
7652413

1234567
2357641
3126754
4672135
5763412
6415273
7541326

1234567
2316475
3157246
4562713
5471632
6745321
7623154

1234567
2416375
3751624
4123756
5647231
6572143
7365412

1234567
2713645
3641752
4576321
5367214
6152473
7425136

1234567
2571436
3156274
4365712
5417623
6742351
7623145

1234567
2413675
3142756
4657132
5726413
6375241
7561324

1234567
2563174
3145726
4712653
5376412
6457231
7621345

1234567
2476135
3745216
4567321
5612473
6351742
7123654

1234567
2756341
3421675
4165732
5647213
6573124
7312456

1234567
2761453
3157246
4375621
5416732
6523174
7642315

1234567
2467351
3576124
4312675
5123746
6751432
7645213

1234567
2765431
3547126
4316275
5672314
6421753
7153642

1234567
2365714
3716425
4172653
5627341
6453172
7541236

1234567
2341675
3756241
4572136
5627413
6413752
7165324

1234567
2716354
3527146
4165723
5672431
6341275
7453612

1234567
2456173
3742615
4173256
5621734
6517342
7365421

1234567
2761354
3145672
4516723
5673241
6427135
7352416

1234567
2571436
3465271
4156723
5347612
6723145
7612354

1234567
2657431
3471256
4123675
5746312
6315724
7562143

1234567
2413756
3725614
4362175
5671432
6547321
7156243

1234567
2657413
3561724
4726135
5172346
6345271
7413652

1234567
2645731
3467125
4712653
5376412
6521374
7153246

1234567
2763145
3147652
4516723
5671234
6425371
7352416

1234567
2457631
3542716
4623175
5716423
6371254
7165342

1234567
2457136
3671452
4163275
5726314
6345721
7512643

1234567
2465713
3651274
4372651
5713426
6127345
7546132

1234567
2561743
3647152
4716325
5172634
6325471
7453216

1234567
2457631
3576412
4615273
5341726
6723154
7162345

1234567
2541673
3457126
4176352
5362741
6715234
7623415

1234567
2756413
3127645
4375126
5641372
6512734
7463251

1234567
2367415
3176254
4625731
5712346
6453172
7541623

1234567
2675314
3147256
4312675
5763421
6451732
7526143

1234567
2645173
3172645
4516732
5367214
6753421
7421356

1234567
2316475
3475612
4527136
5163724
6742351
7651243

1234567
2563471
3157642
4375126
5426713
6712354
7641235

1234567
2465713
3542176
4317625
5671342
6723451
7156234

1234567
2415673
3627451
4753216
5146732
6372145
7561324

1234567
2741356
3657412
4562173
5476231
6315724
7123645

1234567
2347615
3652471
4126753
5713246
6475132
7561324

1234567
2346751
3725146
4657213
5413672
6172435
7561324

1234567
2617453
3152674
4523716
5746321
6475132
7361245

1234567
2341756
3157624
4675132
5762341
6413275
7526413

1234567
2576431
3467125
4615273
5742316
6123754
7351642

1234567
2415673
3576124
4167352
5342716
6753241
7621435

1234567
2471356
3142675
4625731
5763214
6357142
7516423

1234567
2517346
3125674
4376251
5463712
6751423
7642135

1234567
2465173
3572416
4356721
5147632
6721345
7613254

1234567
2653714
3527146
4715623
5346271
6172435
7461352

1234567
2653471
3571642
4725136
5362714
6147253
7416325

1234567
2347156
3576214
4125673
5461732
6753421
7612345

